Tempo,Consultas por Segundo,Quantidade de consulta
2024-01-18 14:58:49,0,0
2024-01-18 14:58:50,351,351
2024-01-18 14:58:51,7465,7816
2024-01-18 14:58:52,7508,15324
2024-01-18 14:58:53,8101,23425
2024-01-18 14:58:54,7595,31020
2024-01-18 14:58:55,7401,38421
2024-01-18 14:58:56,7929,46350
2024-01-18 14:58:57,8075,54425
2024-01-18 14:58:58,7730,62155
2024-01-18 14:58:59,8114,70269
2024-01-18 14:59:00,6260,76529
2024-01-18 14:59:01,3574,80103
2024-01-18 14:59:02,1887,81990
