Tempo,Consultas por Segundo,Quantidade de consulta
2024-01-18 14:58:48,0,0
2024-01-18 14:58:49,3346,3346
2024-01-18 14:58:50,7327,10673
2024-01-18 14:58:51,7530,18203
2024-01-18 14:58:52,8041,26244
2024-01-18 14:58:53,7937,34181
2024-01-18 14:58:54,7947,42128
2024-01-18 14:58:55,8044,50172
2024-01-18 14:58:56,7646,57818
2024-01-18 14:58:57,8352,66170
2024-01-18 14:58:58,7518,73688
2024-01-18 14:58:59,3713,77401
2024-01-18 14:59:00,3014,80415
2024-01-18 14:59:01,1689,82104
