Tempo,Consultas por Segundo,Quantidade de consulta
2024-01-18 15:15:26,0,0
2024-01-18 15:15:27,81,81
2024-01-18 15:15:28,2665,2746
2024-01-18 15:15:29,20721,23467
2024-01-18 15:15:30,19641,43108
2024-01-18 15:15:31,20632,63740
2024-01-18 15:15:32,20241,83981
2024-01-18 15:15:33,20323,104304
2024-01-18 15:15:34,19297,123601
2024-01-18 15:15:35,17025,140626
2024-01-18 15:15:36,14629,155255
2024-01-18 15:15:37,7298,162553
2024-01-18 15:15:38,1541,164094
