Tempo,Consultas por Segundo,Quantidade de consulta
2024-01-18 15:27:25,1315,1315
2024-01-18 15:27:26,767,2082
2024-01-18 15:27:27,1341,3423
2024-01-18 15:27:28,2244,5667
2024-01-18 15:27:29,2963,8630
2024-01-18 15:27:30,5285,13915
2024-01-18 15:27:31,5532,19447
2024-01-18 15:27:32,6759,26206
2024-01-18 15:27:33,6560,32766
2024-01-18 15:27:34,6107,38873
2024-01-18 15:27:35,6156,45029
2024-01-18 15:27:36,6476,51505
2024-01-18 15:27:37,6185,57690
2024-01-18 15:27:38,6590,64280
2024-01-18 15:27:39,6628,70908
2024-01-18 15:27:40,6085,76993
2024-01-18 15:27:41,6624,83617
2024-01-18 15:27:42,6373,89991
2024-01-18 15:27:43,6022,96013
2024-01-18 15:27:44,6422,102435
2024-01-18 15:27:45,6022,108457
2024-01-18 15:27:46,6580,115037
2024-01-18 15:27:47,6113,121150
2024-01-18 15:27:48,6416,127566
2024-01-18 15:27:49,6256,133822
2024-01-18 15:27:50,6171,139993
2024-01-18 15:27:51,5905,145898
2024-01-18 15:27:52,6771,152670
2024-01-18 15:27:53,6084,158754
2024-01-18 15:27:54,6636,165390
2024-01-18 15:27:55,6248,171638
2024-01-18 15:27:56,6330,177968
2024-01-18 15:27:57,5974,183942
2024-01-18 15:27:58,6576,190518
2024-01-18 15:27:59,6388,196906
2024-01-18 15:28:00,5885,202791
2024-01-18 15:28:01,6103,208894
2024-01-18 15:28:02,6850,215744
2024-01-18 15:28:03,6229,221973
2024-01-18 15:28:04,5819,227792
2024-01-18 15:28:05,6161,233953
2024-01-18 15:28:06,6716,240669
2024-01-18 15:28:07,5886,246555
2024-01-18 15:28:08,5979,252534
2024-01-18 15:28:09,6280,258814
2024-01-18 15:28:10,6836,265650
2024-01-18 15:28:11,5881,271531
2024-01-18 15:28:12,6578,278109
2024-01-18 15:28:13,6552,284661
2024-01-18 15:28:14,6436,291097
2024-01-18 15:28:15,6359,297456
2024-01-18 15:28:16,6831,304287
2024-01-18 15:28:17,6626,310913
2024-01-18 15:28:18,6106,317019
2024-01-18 15:28:19,6045,323064
2024-01-18 15:28:20,6185,329249
2024-01-18 15:28:21,6235,335484
2024-01-18 15:28:22,6584,342068
2024-01-18 15:28:23,6982,349050
2024-01-18 15:28:24,6279,355329
2024-01-18 15:28:25,6414,361743
2024-01-18 15:28:26,5759,367502
2024-01-18 15:28:27,6431,373933
2024-01-18 15:28:28,6651,380584
2024-01-18 15:28:29,6096,386680
2024-01-18 15:28:30,6261,392941
2024-01-18 15:28:31,5783,398724
2024-01-18 15:28:32,6349,405073
2024-01-18 15:28:33,5986,411059
2024-01-18 15:28:34,6000,417059
2024-01-18 15:28:35,6373,423432
2024-01-18 15:28:36,5973,429405
2024-01-18 15:28:37,6052,435457
2024-01-18 15:28:38,6685,442142
2024-01-18 15:28:39,6677,448819
2024-01-18 15:28:40,6307,455126
2024-01-18 15:28:41,6899,462025
2024-01-18 15:28:42,6734,468759
2024-01-18 15:28:43,6472,475231
2024-01-18 15:28:44,6481,481712
2024-01-18 15:28:45,6410,488122
2024-01-18 15:28:46,6718,494840
2024-01-18 15:28:47,7316,502156
2024-01-18 15:28:48,7327,509483
2024-01-18 15:28:49,7353,516836
2024-01-18 15:28:50,7348,524184
2024-01-18 15:28:51,7305,531489
2024-01-18 15:28:52,7442,538931
2024-01-18 15:28:53,7285,546216
2024-01-18 15:28:54,7356,553572
2024-01-18 15:28:55,7451,561023
2024-01-18 15:28:56,7390,568413
2024-01-18 15:28:57,7359,575772
2024-01-18 15:28:58,7321,583093
2024-01-18 15:28:59,7241,590334
2024-01-18 15:29:00,6903,597237
2024-01-18 15:29:01,7374,604612
2024-01-18 15:29:02,7397,612009
2024-01-18 15:29:03,7101,619110
2024-01-18 15:29:04,6980,626090
2024-01-18 15:29:05,7186,633276
2024-01-18 15:29:06,6503,639779
2024-01-18 15:29:07,5373,645152
2024-01-18 15:29:08,3808,648960
2024-01-18 15:29:09,3222,652182
2024-01-18 15:29:10,2360,654542
2024-01-18 15:29:11,1373,655915
2024-01-18 15:29:12,340,656255
2024-01-18 15:29:13,59,656314
2024-01-18 15:29:14,58,656372
2024-01-18 15:29:15,59,656431
2024-01-18 15:29:16,59,656490
2024-01-18 15:29:17,59,656549
2024-01-18 15:29:18,60,656609
2024-01-18 15:29:19,60,656669
2024-01-18 15:29:20,60,656729
2024-01-18 15:29:21,60,656789
2024-01-18 15:29:22,60,656849
2024-01-18 15:29:23,59,656908
2024-01-18 15:29:24,58,656966
2024-01-18 15:29:25,60,657026
2024-01-18 15:29:26,60,657086
2024-01-18 15:29:27,60,657146
2024-01-18 15:29:28,59,657205
2024-01-18 15:29:29,59,657264
2024-01-18 15:29:30,60,657324
2024-01-18 15:29:31,59,657383
2024-01-18 15:29:32,58,657441
2024-01-18 15:29:33,59,657500
2024-01-18 15:29:34,60,657560
2024-01-18 15:29:35,59,657619
2024-01-18 15:29:36,59,657678
2024-01-18 15:29:37,59,657737
2024-01-18 15:29:38,60,657797
2024-01-18 15:29:39,59,657856
2024-01-18 15:29:40,59,657915
2024-01-18 15:29:41,60,657975
2024-01-18 15:29:42,59,658034
2024-01-18 15:29:43,59,658093
2024-01-18 15:29:44,59,658152
2024-01-18 15:29:45,60,658212
2024-01-18 15:29:46,59,658271
2024-01-18 15:29:47,60,658331
2024-01-18 15:29:48,59,658390
2024-01-18 15:29:49,60,658450
2024-01-18 15:29:50,60,658510
2024-01-18 15:29:51,60,658570
2024-01-18 15:29:52,60,658630
2024-01-18 15:29:53,55,658685
2024-01-18 15:29:54,60,658745
2024-01-18 15:29:55,59,658804
2024-01-18 15:29:56,22,658826
